Solving ./lp/cash_0.lp
variables = 8
constraints = 4
Optimal objective = 350.877
4 nonzero variables in solution
v4 = 350.876509524
y1 = 149.724
z2 = 200.276
z3 = 301.953932
bye.
